33 10007
5380 1850 9726 3181 8912 9392 4079 4609 646 6416 1361 9011 1679 531 2333 7143 9259 9607 5925 9093 5497 6731 4046 9262 1438 7191 8999 144 7209 7505 638 3816 6882 
816 1322 4997 5561 3769 3472 3561 6004 6516 7983 8579 1640 2467 8660 822 7499 6614 1746 96 3545 1522 360 7845 5943 5801 7389 8600 6361 9769 6647 1306 5643 554 
8570 2102 184 1145 9041 1773 8739 6012 3114 2687 2951 6880 7317 7790 3459 107 2411 1714 618 9291 9173 8468 2743 5343 9949 3652 2366 9392 7109 9435 7755 9466 3118 
3380 4421 4768 2738 3792 9388 3284 6226 6818 1000 3559 8080 6827 3628 6995 6066 2021 370 3504 8007 3516 288 1182 3365 9666 2779 8776 2077 8042 2243 3350 424 562 
559 6505 2892 9678 7785 7246 3662 5915 1724 3872 6949 1882 3284 3109 5379 765 2450 1324 1425 4818 2482 501 9993 4008 4489 9045 3487 5922 6629 2141 1135 6575 2490 
6294 6851 8151 7886 3982 6915 1841 2353 8412 6934 1880 5226 642 5024 2682 2416 8001 9602 4034 9347 6305 1934 8626 2790 8816 2895 7165 4811 8918 9855 1714 3695 9047 
5548 2592 2663 5694 2062 6722 686 6935 5903 2270 4008 6559 7350 6526 7888 5087 1688 3509 7752 640 2081 5789 27 4636 1794 9857 7444 3499 8175 5533 8720 4428 9318 
3478 8352 17 978 7511 9092 3812 4828 1133 7646 4934 1774 1420 3063 8666 803 9411 4416 7421 8650 2975 7767 5835 6622 2064 3778 8469 1513 5827 7479 8233 5761 9356 
5930 750 9264 1999 7285 4369 689 3503 8549 3289 5914 1947 1085 8929 3254 1750 9751 4924 6945 7209 5205 277 7103 3296 2530 7332 8305 6108 6374 648 2573 1568 5527 
9066 6330 7745 5247 5366 6682 4164 4347 9069 4168 1677 4392 1951 8203 5550 7116 9794 4875 7705 7231 7515 8973 2468 2563 3497 1298 6705 7715 1048 6989 5533 5841 4513 
6654 9000 6761 1389 4714 10001 9157 1225 2371 663 2884 1818 8902 4674 6776 3128 9414 6444 8611 1974 772 3199 3631 396 6379 4676 4531 4365 4197 2174 8265 7668 2024 
3867 3854 6317 1041 8040 1938 6467 867 3894 9701 9964 2187 2468 1334 8804 5221 5027 8050 3432 1290 2108 2916 9332 4138 3552 6032 1003 5515 8054 52 1177 6484 2701 
9516 5278 2242 5373 9693 7163 2308 8654 8401 2674 3901 1604 4409 2567 1820 6647 7714 3611 6253 9886 6610 4142 2088 1683 4608 4298 1646 4854 3763 413 4061 8054 2139 
7372 1554 5515 1698 4542 9596 3541 901 289 9337 5701 3812 8729 6246 5932 8951 6976 7619 3311 4775 657 7858 2544 3607 8422 4730 575 3816 5957 5316 6878 6201 8374 
1347 1309 86 4541 1586 6629 5710 5741 6997 1769 7209 9812 5778 9178 4581 5999 5786 6150 8307 7283 6432 896 5969 4219 5927 2119 4059 5743 6088 6837 6380 3429 6159 
2340 8257 5658 4036 4493 3841 8431 2787 1689 7450 1468 3695 1982 9448 6458 6440 9437 1704 5095 1047 5494 651 8304 9890 9291 2615 786 4045 7352 1791 7264 1763 8524 
1867 7876 6468 2816 5970 5721 6599 7432 2939 4153 5355 1819 4933 9469 5246 4378 2488 3108 5950 1688 9039 6854 221 4254 5221 1342 9127 9998 8677 5506 9388 2171 5985 
4004 4406 3424 3513 5305 2530 1502 8773 4697 1338 1898 9063 3911 757 99 9041 5213 1763 1947 2317 9633 2704 4455 5223 3623 2322 931 5349 8451 3604 1191 730 2729 
2821 7737 3092 8567 7147 731 3700 5989 9044 8946 3754 4985 6181 6086 1722 1898 5551 3424 9979 2128 1562 4770 7447 4384 1124 9784 3014 9964 9182 7805 9047 7465 7133 
7312 8241 6045 8220 5924 200 9893 6384 5025 7609 2698 6172 9425 5992 1769 329 5539 1239 9335 4572 941 3221 8345 1572 7782 5259 2546 2760 5187 7011 4573 3815 2520 
1039 9044 5682 3628 7941 5620 5790 7576 2042 4320 27 6723 7125 2999 3736 545 4209 7689 4 7400 2663 1239 8409 5926 6612 3133 2814 1881 8806 932 6424 6505 1091 
1142 7935 9021 3685 7598 6780 9928 9183 9187 9683 7453 8772 614 2397 9291 2684 119 2197 8515 846 2228 6896 2011 127 7757 8401 4057 2287 2162 2320 1979 5598 7639 
965 5835 2621 2456 4444 3176 9459 8675 3686 5122 5327 3702 9690 9822 9942 8913 8054 1315 6936 4268 3354 5796 7023 9506 2111 4669 2728 2674 7490 153 8344 2506 3100 
2912 71 7791 4767 9985 7756 61 3743 899 8458 2669 9980 7746 2077 9238 9523 2232 8733 1696 478 2164 9061 6698 5486 3236 6337 953 8147 4778 4277 4652 7346 5899 
818 6771 4903 6469 46 1283 1906 7110 4797 4598 6544 7748 5250 3664 8612 970 7139 2316 5129 3880 98 6574 6978 5147 1997 7790 6826 7821 4784 6327 2912 9048 7105 
8942 7984 314 1904 7434 960 3896 3510 2875 3081 2532 1443 3734 5898 7301 1374 6014 6861 334 10002 6170 6639 3346 9147 3413 4215 5850 2234 7459 1384 6759 3802 4365 
9316 5503 414 9259 8581 9879 7300 6415 4624 6355 5012 2559 3285 6136 1185 3875 5923 6990 9135 6650 7705 5931 4892 1668 4406 2346 6539 7690 1219 761 8197 1884 4443 
7449 8386 7930 7858 1334 2844 93 8060 2765 1893 6521 8446 5930 7351 1238 1134 1458 9586 2574 5849 6407 3185 1850 755 7893 2634 7015 4825 5775 5980 1370 2947 9100 
7469 4184 8278 5929 6958 9445 6207 5696 9731 299 840 1026 8857 2733 4550 8237 2076 2419 2591 2253 8806 2388 458 4305 8647 9873 2301 5504 98 1605 1198 9211 568 
4241 9698 5784 2785 452 6002 5515 386 6829 2028 5470 5536 598 9444 6264 3462 7871 1462 4379 535 8618 1681 824 7863 6102 8788 654 9056 8122 6271 6443 8857 1104 
7689 2107 4818 2134 8700 8493 2995 7287 2753 7808 6859 3798 8378 5986 9096 7702 5861 5888 4508 6528 3755 1824 8020 8104 4988 5651 6866 3046 749 2541 3274 9314 6891 
8656 2039 3670 8067 9238 7168 8141 2901 4357 5701 6142 8112 9944 6779 2079 2117 1048 7618 874 8427 3281 8220 7268 7541 392 1387 34 4748 462 1779 254 2553 1004 
7717 7603 3742 6756 4786 7190 2696 210 7091 8878 85 3246 9944 6348 5773 4310 2280 5197 665 6123 645 5372 8008 8694 786 3852 6239 5554 4845 5031 1430 756 4191 
